11 0
0.171 0.137
12 0
0.163 0.138
5 0
0.165 0.144
11 0
0.165 0.137
11 0
0.167 0.131
12 0
0.164 0.137
10 0
0.158 0.136
11 0
0.164 0.138
12 0
0.164 0.138
11 0
0.161 0.137
11 0
0.16 0.139
10 0
0.166 0.137
10 3496
0.163 0.133
9 0
0.163 0.136
7 0
0.165 0.137
10 0
0.166 0.137
11 0
0.162 0.136
10 0
0.164 0.137
10 0
0.166 0.136
10 0
0.162 0.137
10 0
0.164 0.136
10 0
0.164 0.137
11 0
0.159 0.136
11 0
0.162 0.132
11 0
0.164 0.135
11 0
0.16 0.139
8 0
0.166 0.132
10 0
0.166 0.137
10 0
0.161 0.138
11 0
0.163 0.138
10 3170
0.164 0.137
11 0
0.166 0.139
11 0
0.162 0.137
11 0
0.161 0.138
11 0
0.167 0.137
11 0
0.165 0.133
9 0
0.162 0.139
9 0
0.176 0.135
9 0
0.166 0.131
10 0
0.163 0.137
10 0
0.166 0.139
10 0
0.166 0.14
8 0
0.174 0.141
11 0
0.166 0.139
11 0
0.168 0.141
11 0
0.168 0.135
11 0
0.173 0.139
10 547
0.17 0.137
4 0
0.164 0.138
10 0
0.171 0.141
11 0
0.166 0.14
9 0
0.169 0.137
11 0
0.169 0.137
10 0
0.167 0.136
9 0
0.165 0.15
10 0
0.172 0.137
10 0
0.184 0.161
11 0
0.176 0.15
8 0
0.164 0.137
11 53
0.169 0.138
11 0
0.164 0.138
8 695
0.165 0.141
10 630
0.163 0.139
11 0
0.168 0.138
11 0
0.168 0.14
10 0
0.17 0.139
9 0
0.173 0.139
11 0
0.169 0.141
11 0
0.169 0.141
10 0
0.167 0.138
12 0
0.166 0.138
11 0
0.167 0.14
11 0
0.167 0.14
11 0
0.17 0.139
11 5819
0.169 0.142
11 0
0.168 0.134
9 5059
0.163 0.14
11 0
0.168 0.138
9 0
0.166 0.135
11 0
0.166 0.139
9 0
0.171 0.139
11 0
0.17 0.142
10 0
0.17 0.136
10 0
0.171 0.134
9 0
0.162 0.137
11 155
0.166 0.133
10 0
0.164 0.137
10 0
0.167 0.139
9 0
0.16 0.14
11 0
0.166 0.138
11 0
0.166 0.133
11 0
0.16 0.139
10 0
0.166 0.14
11 0
0.17 0.137
11 0
0.163 0.138
11 0
0.161 0.134
7 0
0.159 0.134
10 0
0.159 0.132
10 0
0.16 0.132
10 0
0.16 0.134
