11 0
0.001 0.001
12 0
0.001 0
5 0
0.001 0
12 0
0.001 0.001
12 0
0.001 0.001
12 0
0.001 0.001
11 0
0 0.001
11 101
0 0.001
12 0
0 0.001
12 0
0.001 0
13 0
0.001 0
11 0
0.001 0
12 0
0.001 0
10 0
0.001 0.001
8 1540
0.001 0.001
9 0
0.001 0.001
11 0
0 0.001
11 0
0 0.001
12 2487
0 0.001
11 0
0.001 0
10 44
0.001 0
10 0
0.001 0
12 0
0.001 0
11 0
0.001 0.001
11 0
0.001 0.001
11 0
0.001 0.001
8 0
0.001 0.001
11 0
0 0.001
11 0
0 0.001
12 0
0 0.001
12 0
0 0.001
13 0
0.001 0
11 0
0.001 0
12 0
0.001 0
9 0
0.001 0.001
13 0
0.001 0.001
11 1778
0.001 0.001
10 0
0.001 0.001
10 0
0 0.001
11 0
0 0.001
11 0
0 0.001
10 1115
0.001 0
9 0
0.001 0
12 0
0.001 0
12 0
0.001 0
12 0
0.001 0
12 0
0.001 0.001
10 1160
0.001 0.001
4 0
0.001 0.001
11 0
0 0.001
12 1829
0 0.001
10 478
0 0.001
11 0
0 0.001
10 0
0.001 0
10 1094
0.001 0
10 0
0.001 0
11 297
0.001 0.001
12 0
0.001 0.001
8 0
0.001 0.001
12 0
0.001 0.001
12 0
0 0.001
9 0
0.001 0
12 0
0.001 0
12 0
0.001 0
12 386
0.001 0
12 0
0.001 0
9 0
0.001 0.001
12 0
0.001 0.001
11 0
0.001 0.001
11 0
0 0.001
12 0
0 0.001
12 0
0 0.001
11 0
0.001 0
12 0
0.001 0
13 0
0.001 0
12 0
0.001 0
10 0
0.001 0.001
12 0
0.001 0.001
10 0
0 0.001
12 0
0 0.001
10 0
0 0.001
12 0
0.001 0
9 0
0.001 0
11 136
0.001 0
10 0
0.001 0
12 0
0.001 0.001
11 0
0.001 0.001
11 0
0.001 0.001
10 0
0 0.001
12 0
0 0.001
12 0
0 0.001
12 0
0 0.001
12 0
0.001 0
13 0
0.001 0
11 0
0.001 0
11 0
0.001 0.001
8 0
0.001 0.001
11 109
0.001 0.001
10 0
0.001 0
11 0
0.001 0
